Latitude:11.3588201
Longitude:77.8284487
Login-Time:27/09/25 - 15:36:34 : 410
Accuracy:58.049847954397755